0.823 0.215 0.803  0.245 
0.823 0.215 0.803  0.245 
0.823 0.215 0.803  0.245 
0.823 0.215 0.803  0.245 
0.823 0.215 0.803  0.245 
0.823 0.215 0.803  0.245 
0.823 0.215 0.803  0.245 
0.823 0.215 0.803  0.245 
0.823 0.215 0.803  0.245 
0.823 0.215 0.803  0.245 
0.823 0.215 0.803  0.245 
0.823 0.215 0.803  0.245 
0.823 0.215 0.803  0.245 
0.823 0.215 0.803  0.245 
0.823 0.215 0.803  0.245 
0.823 0.215 0.803  0.245 
0.823 0.215 0.803  0.245 
0.823 0.215 0.803  0.245 
0.823 0.215 0.803  0.245 
0.823 0.215 0.803  0.245 
0.823 0.215 0.803  0.245 
0.823 0.215 0.803  0.245 
0.823 0.215 0.803  0.245 
0.823 0.215 0.803  0.245 
0.823 0.215 0.803  0.245 
0.823 0.215 0.803  0.245 
0.823 0.215 0.803  0.245 
0.823 0.215 0.803  0.245 
0.823 0.215 0.803  0.245 
0.823 0.215 0.803  0.245 
0.823 0.215 0.803  0.245 
0.823 0.215 0.803  0.245 
0.823 0.215 0.803  0.245 
0.823 0.215 0.803  0.245 
0.823 0.215 0.803  0.245 
0.823 0.215 0.803  0.245 
0.823 0.215 0.803  0.245 
0.823 0.215 0.803  0.245 
0.823 0.215 0.803  0.245 
0.823 0.215 0.803  0.245 
0.823 0.215 0.803  0.245 
0.823 0.215 0.803  0.245 
0.823 0.215 0.803  0.245 
0.823 0.215 0.803  0.245 
0.823 0.215 0.803  0.245 
0.823 0.215 0.803  0.245 
0.823 0.215 0.803  0.245 
0.823 0.215 0.803  0.245 
0.823 0.215 0.803  0.245 
0.823 0.215 0.803  0.245 
0.823 0.215 0.803  0.245 
0.823 0.215 0.803  0.245 
0.823 0.215 0.803  0.245 
0.823 0.215 0.803  0.245 
0.823 0.215 0.803  0.245 
0.823 0.215 0.803  0.245 
0.823 0.215 0.803  0.245 
0.823 0.215 0.803  0.245 
0.823 0.215 0.803  0.245 
0.823 0.215 0.803  0.245 
0.823 0.215 0.803  0.245 
0.823 0.215 0.803  0.245 
0.823 0.215 0.803  0.245 
0.823 0.215 0.803  0.245 
0.823 0.215 0.803  0.245 
0.823 0.215 0.803  0.245 
0.823 0.215 0.803  0.245 
0.823 0.215 0.803  0.245 
0.823 0.215 0.803  0.245 
0.823 0.215 0.803  0.245 
0.823 0.215 0.803  0.245 
0.823 0.215 0.803  0.245 
0.823 0.215 0.803  0.245 
0.823 0.215 0.803  0.245 
0.823 0.215 0.803  0.245 
0.823 0.215 0.803  0.245 
0.823 0.215 0.803  0.245 
0.823 0.215 0.803  0.245 
0.823 0.215 0.803  0.245 
0.823 0.215 0.803  0.245 
0.823 0.215 0.803  0.245 
0.823 0.215 0.803  0.245 
0.823 0.215 0.803  0.245 
0.823 0.215 0.803  0.245 
0.823 0.215 0.803  0.245 
0.823 0.216 0.803  0.246 
0.821 0.218 0.802  0.247 
0.818 0.222 0.801  0.249 
0.818 0.222 0.801  0.249 
0.818 0.222 0.801  0.249 
0.818 0.222 0.801  0.249 
0.818 0.222 0.801  0.249 
0.818 0.222 0.800  0.250 
0.818 0.223 0.801  0.248 
0.818 0.222 0.801  0.249 
0.818 0.222 0.801  0.249 
0.818 0.222 0.801  0.249 
0.818 0.223 0.801  0.249 
0.818 0.222 0.801  0.249 
0.818 0.222 0.800  0.249 
0.818 0.222 0.801  0.249 
0.818 0.222 0.801  0.249 
0.818 0.222 0.801  0.249 
0.818 0.223 0.801  0.249 
0.818 0.222 0.801  0.249 
0.818 0.222 0.801  0.249 
0.818 0.223 0.801  0.248 
0.819 0.222 0.800  0.250 
0.818 0.222 0.801  0.249 
0.818 0.222 0.800  0.249 
0.818 0.223 0.801  0.248 
0.818 0.222 0.800  0.250 
0.818 0.223 0.801  0.249 
0.818 0.222 0.801  0.249 
0.818 0.222 0.801  0.249 
0.818 0.222 0.801  0.249 
0.818 0.222 0.801  0.249 
0.818 0.222 0.801  0.249 
0.818 0.222 0.801  0.249 
0.818 0.223 0.801  0.249 
0.818 0.222 0.801  0.249 
0.818 0.222 0.801  0.249 
0.818 0.222 0.801  0.249 
0.818 0.223 0.801  0.249 
0.819 0.221 0.800  0.250 
0.818 0.223 0.801  0.248 
0.818 0.222 0.801  0.249 
0.818 0.222 0.801  0.249 
0.818 0.223 0.801  0.248 
0.819 0.222 0.800  0.250 
0.818 0.222 0.801  0.249 
0.818 0.222 0.801  0.249 
0.818 0.223 0.801  0.249 
0.818 0.222 0.800  0.249 
0.818 0.223 0.801  0.249 
0.818 0.222 0.801  0.249 
0.818 0.223 0.801  0.249 
0.818 0.222 0.800  0.249 
0.818 0.222 0.801  0.249 
0.818 0.222 0.801  0.249 
0.818 0.222 0.801  0.249 
0.818 0.223 0.801  0.249 
0.818 0.222 0.801  0.249 
0.818 0.222 0.801  0.249 
0.818 0.222 0.801  0.249 
0.818 0.222 0.801  0.249 
0.818 0.222 0.801  0.249 
0.818 0.222 0.801  0.249 
0.818 0.223 0.801  0.249 
0.817 0.224 0.800  0.250 
0.814 0.228 0.799  0.252 
0.806 0.241 0.795  0.257 
0.776 0.288 0.784  0.276 
0.730 0.370 0.808  0.237 
0.727 0.376 0.784  0.275 
0.729 0.372 0.781  0.280 
0.729 0.372 0.781  0.280 
0.729 0.372 0.782  0.279 
0.729 0.372 0.781  0.280 
0.729 0.372 0.782  0.279 
0.729 0.372 0.781  0.280 
0.729 0.372 0.781  0.280 
0.729 0.372 0.781  0.280 
0.729 0.372 0.781  0.280 
0.729 0.371 0.781  0.281 
0.729 0.373 0.782  0.279 
0.729 0.371 0.781  0.280 
0.729 0.372 0.782  0.279 
0.729 0.372 0.781  0.280 
0.729 0.372 0.782  0.280 
0.729 0.372 0.781  0.280 
0.729 0.372 0.781  0.280 
0.729 0.372 0.781  0.280 
0.729 0.372 0.781  0.280 
0.729 0.372 0.781  0.280 
0.729 0.372 0.781  0.280 
0.729 0.371 0.781  0.280 
0.729 0.373 0.781  0.280 
0.728 0.373 0.782  0.279 
0.729 0.371 0.781  0.281 
0.729 0.372 0.782  0.279 
0.729 0.371 0.781  0.280 
0.729 0.372 0.782  0.279 
0.729 0.372 0.781  0.281 
0.729 0.372 0.782  0.279 
0.729 0.372 0.781  0.280 
0.728 0.373 0.782  0.279 
0.729 0.371 0.781  0.280 
0.729 0.372 0.782  0.279 
0.729 0.371 0.781  0.280 
0.729 0.372 0.781  0.280 
0.729 0.372 0.781  0.280 
0.729 0.372 0.781  0.280 
0.729 0.372 0.781  0.280 
0.729 0.371 0.781  0.280 
0.729 0.372 0.781  0.280 
0.729 0.372 0.781  0.280 
0.729 0.372 0.781  0.280 
0.729 0.372 0.781  0.280 
0.729 0.372 0.781  0.280 
0.730 0.370 0.781  0.281 
0.728 0.374 0.782  0.279 
0.728 0.373 0.784  0.276 
0.729 0.371 0.779  0.284 
0.729 0.372 0.782  0.279 
0.729 0.372 0.781  0.280 
0.729 0.372 0.782  0.279 
0.729 0.372 0.781  0.280 
0.729 0.372 0.782  0.279 
0.729 0.372 0.781  0.280 
0.729 0.372 0.782  0.279 
0.729 0.371 0.781  0.280 
0.729 0.372 0.782  0.279 
0.729 0.372 0.781  0.280 
0.730 0.371 0.781  0.280 
0.728 0.373 0.782  0.279 
0.729 0.372 0.781  0.280 
0.729 0.372 0.781  0.280 
0.728 0.373 0.782  0.279 
0.729 0.371 0.781  0.280 
0.729 0.372 0.782  0.280 
0.729 0.371 0.781  0.280 
0.729 0.372 0.781  0.280 
0.729 0.372 0.781  0.280 
0.729 0.372 0.781  0.280 
0.729 0.372 0.782  0.280 
0.729 0.372 0.782  0.280 
0.729 0.372 0.781  0.280 
0.729 0.372 0.782  0.279 
0.729 0.371 0.781  0.280 
0.960 0.041 1.143 -0.125 
0.731 0.368 0.864  0.158 
0.696 0.436 0.783  0.277 
0.696 0.436 0.783  0.277 
0.696 0.437 0.783  0.277 
0.696 0.436 0.783  0.277 
0.696 0.437 0.783  0.277 
0.696 0.436 0.783  0.278 
0.696 0.437 0.784  0.276 
0.696 0.436 0.783  0.277 
0.696 0.436 0.783  0.277 
0.696 0.437 0.783  0.277 
0.696 0.436 0.783  0.277 
0.696 0.437 0.783  0.277 
0.696 0.436 0.783  0.277 
0.696 0.436 0.783  0.277 
0.696 0.437 0.783  0.277 
0.696 0.436 0.783  0.277 
0.696 0.437 0.783  0.277 
0.696 0.437 0.783  0.276 
0.696 0.436 0.783  0.277 
0.696 0.437 0.783  0.276 
0.696 0.436 0.783  0.277 
0.696 0.437 0.783  0.277 
0.696 0.436 0.783  0.277 
0.696 0.437 0.783  0.277 
0.696 0.436 0.783  0.277 
0.696 0.437 0.783  0.277 
0.696 0.436 0.783  0.277 
0.696 0.436 0.783  0.277 
0.696 0.436 0.783  0.277 
0.696 0.436 0.783  0.277 
0.696 0.437 0.783  0.277 
0.696 0.436 0.783  0.277 
0.696 0.437 0.783  0.277 
0.696 0.436 0.783  0.277 
0.696 0.436 0.783  0.277 
0.697 0.435 0.782  0.278 
0.695 0.438 0.784  0.276 
0.696 0.436 0.783  0.277 
0.696 0.437 0.783  0.276 
0.696 0.437 0.783  0.277 
0.696 0.436 0.783  0.277 
0.696 0.437 0.783  0.277 
0.696 0.436 0.783  0.277 
0.696 0.436 0.783  0.277 
0.696 0.436 0.783  0.277 
0.696 0.436 0.783  0.277 
0.696 0.436 0.783  0.277 
0.696 0.437 0.783  0.277 
0.696 0.436 0.783  0.277 
0.696 0.437 0.783  0.277 
0.696 0.436 0.783  0.277 
0.696 0.436 0.783  0.277 
0.696 0.437 0.783  0.277 
0.696 0.436 0.783  0.277 
0.696 0.437 0.783  0.277 
0.696 0.437 0.783  0.277 
0.696 0.436 0.783  0.277 
0.696 0.436 0.783  0.277 
0.696 0.437 0.783  0.277 
0.696 0.437 0.783  0.277 
0.696 0.436 0.783  0.277 
0.683 0.465 0.766  0.306 
0.658 0.521 0.752  0.330 
0.658 0.521 0.752  0.331 
0.658 0.521 0.752  0.330 
0.658 0.521 0.752  0.330 
0.658 0.521 0.752  0.330 
0.658 0.520 0.751  0.331 
0.657 0.521 0.752  0.330 
0.658 0.521 0.752  0.331 
0.658 0.520 0.752  0.330 
0.658 0.521 0.752  0.330 
0.658 0.520 0.752  0.330 
0.658 0.521 0.752  0.331 
0.658 0.521 0.752  0.330 
0.657 0.521 0.752  0.330 
0.658 0.520 0.752  0.331 
0.657 0.521 0.752  0.330 
0.658 0.520 0.752  0.330 
0.657 0.521 0.752  0.330 
0.658 0.520 0.752  0.330 
0.657 0.521 0.752  0.330 
0.658 0.520 0.752  0.331 
0.657 0.521 0.752  0.330 
0.658 0.520 0.751  0.331 
0.658 0.521 0.752  0.330 
0.658 0.521 0.752  0.330 
0.658 0.521 0.752  0.331 
0.658 0.521 0.752  0.330 
0.658 0.521 0.752  0.330 
0.658 0.521 0.752  0.330 
0.658 0.521 0.751  0.331 
0.658 0.521 0.752  0.330 
0.657 0.521 0.752  0.330 
0.658 0.520 0.752  0.330 
0.657 0.521 0.752  0.330 
0.658 0.520 0.752  0.330 
0.657 0.521 0.752  0.330 
0.658 0.520 0.752  0.330 
0.657 0.521 0.752  0.331 
0.658 0.520 0.752  0.330 
0.658 0.521 0.752  0.330 
0.658 0.520 0.752  0.330 
0.657 0.521 0.752  0.330 
0.658 0.520 0.752  0.331 
0.658 0.520 0.752  0.330 
0.657 0.521 0.752  0.330 
0.657 0.521 0.752  0.330 
0.658 0.520 0.752  0.331 
0.639 0.566 0.750  0.332 
0.636 0.573 0.749  0.336 
0.636 0.572 0.749  0.335 
0.638 0.568 0.748  0.338 
0.636 0.573 0.748  0.336 
0.636 0.573 0.749  0.336 
0.636 0.573 0.748  0.336 
0.636 0.573 0.749  0.336 
0.636 0.573 0.749  0.336 
0.636 0.573 0.749  0.336 
0.636 0.573 0.749  0.336 
0.636 0.573 0.749  0.336 
0.636 0.572 0.748  0.336 
0.636 0.573 0.749  0.335 
0.636 0.572 0.748  0.337 
0.636 0.573 0.749  0.335 
0.636 0.573 0.748  0.336 
0.636 0.573 0.749  0.336 
0.636 0.573 0.749  0.336 
0.636 0.573 0.749  0.336 
0.636 0.573 0.749  0.336 
0.636 0.573 0.749  0.336 
0.636 0.573 0.748  0.336 
0.636 0.573 0.749  0.336 
0.636 0.573 0.748  0.336 
0.636 0.573 0.749  0.336 
0.636 0.573 0.749  0.336 
0.636 0.573 0.748  0.336 
0.636 0.573 0.749  0.336 
0.636 0.572 0.748  0.336 
0.636 0.573 0.749  0.336 
0.636 0.573 0.748  0.336 
0.636 0.573 0.749  0.336 
0.636 0.573 0.748  0.336 
0.636 0.573 0.749  0.336 
0.636 0.572 0.748  0.336 
0.636 0.573 0.749  0.336 
0.636 0.573 0.749  0.336 
0.636 0.573 0.749  0.336 
0.636 0.573 0.749  0.336 
0.636 0.573 0.749  0.336 
0.636 0.573 0.749  0.336 
0.636 0.573 0.748  0.336 
0.636 0.573 0.749  0.336 
0.636 0.573 0.749  0.336 
0.636 0.573 0.749  0.336 
0.636 0.573 0.748  0.336 
0.636 0.573 0.749  0.336 
0.636 0.573 0.748  0.336 
0.636 0.573 0.749  0.336 
0.636 0.572 0.748  0.336 
0.636 0.573 0.749  0.336 
0.636 0.573 0.749  0.336 
0.636 0.573 0.748  0.336 
0.636 0.573 0.749  0.336 
0.636 0.573 0.748  0.336 
0.636 0.573 0.749  0.336 
0.636 0.573 0.748  0.336 
0.636 0.573 0.749  0.336 
0.636 0.573 0.748  0.336 
0.636 0.573 0.749  0.336 
0.636 0.573 0.748  0.336 
0.636 0.573 0.749  0.336 
0.636 0.573 0.748  0.336 
0.636 0.573 0.749  0.336 
0.636 0.573 0.749  0.336 
0.636 0.573 0.749  0.336 
0.636 0.573 0.749  0.336 
0.636 0.573 0.749  0.336 
0.636 0.573 0.748  0.336 
0.636 0.573 0.749  0.336 
0.636 0.572 0.748  0.336 
0.636 0.573 0.748  0.336 
0.636 0.573 0.749  0.336 
0.636 0.573 0.748  0.336 
0.636 0.573 0.749  0.336 
0.636 0.573 0.749  0.336 
0.636 0.573 0.748  0.336 
0.636 0.573 0.749  0.336 
0.636 0.573 0.748  0.336 
0.685 0.460 0.686  0.457 
0.673 0.485 0.697  0.434 
0.673 0.485 0.697  0.434 
0.673 0.485 0.697  0.434 
0.673 0.485 0.697  0.434 
0.673 0.485 0.697  0.434 
0.674 0.485 0.697  0.435 
0.673 0.486 0.698  0.433 
0.673 0.485 0.697  0.434 
0.673 0.485 0.697  0.434 
0.673 0.485 0.697  0.434 
0.673 0.485 0.697  0.434 
0.673 0.485 0.697  0.434 
0.673 0.485 0.697  0.434 
0.673 0.486 0.698  0.434 
0.674 0.485 0.697  0.435 
0.673 0.486 0.697  0.434 
0.673 0.485 0.697  0.434 
0.673 0.486 0.698  0.434 
0.674 0.485 0.697  0.435 
0.673 0.485 0.697  0.434 
0.673 0.485 0.697  0.434 
0.673 0.485 0.697  0.434 
0.673 0.485 0.697  0.434 
0.673 0.485 0.697  0.434 
0.673 0.485 0.697  0.434 
0.673 0.485 0.697  0.434 
0.673 0.486 0.697  0.434 
0.673 0.486 0.697  0.434 
0.673 0.485 0.697  0.434 
0.673 0.485 0.697  0.434 
0.673 0.485 0.697  0.434 
0.673 0.486 0.697  0.434 
0.673 0.485 0.697  0.434 
0.673 0.485 0.697  0.434 
0.673 0.485 0.697  0.434 
0.673 0.486 0.698  0.434 
0.674 0.485 0.697  0.435 
0.673 0.485 0.697  0.434 
0.673 0.486 0.697  0.434 
0.673 0.486 0.698  0.434 
0.673 0.485 0.697  0.434 
0.673 0.487 0.688  0.454 
0.678 0.475 0.673  0.486 
0.678 0.475 0.673  0.486 
0.678 0.475 0.673  0.486 
0.678 0.475 0.673  0.486 
0.678 0.475 0.673  0.486 
0.678 0.474 0.673  0.487 
0.678 0.476 0.673  0.486 
0.678 0.475 0.673  0.486 
0.678 0.475 0.673  0.486 
0.678 0.475 0.673  0.486 
0.678 0.475 0.673  0.486 
0.678 0.475 0.673  0.486 
0.678 0.475 0.673  0.486 
0.678 0.475 0.673  0.486 
0.678 0.475 0.673  0.487 
0.678 0.475 0.673  0.486 
0.678 0.475 0.673  0.487 
0.678 0.475 0.673  0.486 
0.678 0.475 0.673  0.487 
0.678 0.475 0.673  0.486 
0.678 0.475 0.673  0.486 
0.678 0.475 0.673  0.486 
0.678 0.475 0.673  0.486 
0.678 0.475 0.673  0.486 
0.678 0.475 0.673  0.486 
0.678 0.475 0.673  0.487 
0.678 0.475 0.673  0.486 
0.678 0.475 0.673  0.486 
0.678 0.475 0.673  0.487 
0.678 0.475 0.673  0.486 
0.678 0.475 0.673  0.487 
0.678 0.475 0.673  0.486 
0.678 0.475 0.673  0.487 
0.678 0.475 0.673  0.486 
0.678 0.475 0.673  0.486 
0.678 0.475 0.673  0.486 
0.678 0.475 0.673  0.487 
0.678 0.475 0.673  0.487 
0.678 0.475 0.673  0.486 
0.678 0.475 0.673  0.486 
0.678 0.475 0.673  0.487 
0.669 0.494 0.677  0.476 
0.664 0.506 0.682  0.467 
0.663 0.508 0.683  0.465 
0.663 0.508 0.682  0.465 
0.663 0.508 0.683  0.465 
0.663 0.508 0.683  0.465 
0.663 0.508 0.683  0.465 
0.663 0.507 0.682  0.466 
0.663 0.509 0.683  0.464 
0.663 0.508 0.682  0.465 
0.663 0.508 0.683  0.465 
0.663 0.508 0.683  0.465 
0.663 0.508 0.682  0.465 
0.663 0.508 0.682  0.465 
0.663 0.508 0.683  0.465 
0.663 0.508 0.683  0.465 
0.663 0.508 0.682  0.466 
0.663 0.508 0.683  0.465 
0.663 0.508 0.682  0.465 
0.663 0.509 0.683  0.465 
0.663 0.508 0.682  0.466 
0.663 0.508 0.683  0.465 
0.663 0.508 0.683  0.465 
0.663 0.508 0.682  0.465 
0.663 0.508 0.683  0.465 
0.663 0.508 0.682  0.465 
0.663 0.508 0.683  0.465 
0.663 0.508 0.682  0.465 
0.663 0.508 0.683  0.465 
0.663 0.508 0.683  0.465 
0.663 0.508 0.682  0.465 
0.663 0.508 0.683  0.465 
0.663 0.508 0.682  0.465 
0.663 0.508 0.683  0.465 
0.663 0.508 0.682  0.465 
0.663 0.508 0.683  0.465 
0.663 0.508 0.683  0.465 
0.663 0.508 0.683  0.465 
0.663 0.508 0.682  0.466 
0.663 0.508 0.682  0.465 
0.663 0.508 0.683  0.465 
0.663 0.508 0.683  0.465 
0.663 0.508 0.682  0.465 
0.665 0.505 0.679  0.474 
0.665 0.503 0.678  0.476 
0.666 0.502 0.677  0.476 
0.666 0.502 0.677  0.476 
0.666 0.502 0.677  0.476 
0.666 0.502 0.677  0.476 
0.666 0.502 0.677  0.476 
0.666 0.502 0.677  0.477 
0.665 0.503 0.678  0.476 
0.666 0.502 0.677  0.476 
0.666 0.502 0.677  0.476 
0.666 0.502 0.677  0.476 
0.666 0.502 0.677  0.476 
0.666 0.502 0.677  0.476 
0.666 0.502 0.677  0.476 
0.665 0.503 0.678  0.476 
0.666 0.502 0.677  0.477 
0.666 0.503 0.677  0.476 
0.666 0.502 0.677  0.477 
0.665 0.503 0.678  0.476 
0.666 0.502 0.677  0.477 
0.666 0.502 0.677  0.476 
0.666 0.502 0.677  0.476 
0.666 0.502 0.677  0.476 
0.666 0.502 0.677  0.476 
0.666 0.502 0.677  0.476 
0.666 0.502 0.677  0.476 
0.666 0.502 0.677  0.477 
0.666 0.503 0.677  0.476 
0.666 0.503 0.677  0.476 
0.666 0.502 0.677  0.476 
0.666 0.503 0.677  0.476 
0.666 0.502 0.677  0.476 
0.665 0.503 0.677  0.476 
0.666 0.502 0.677  0.477 
0.666 0.502 0.677  0.476 
0.666 0.502 0.677  0.476 
0.665 0.503 0.678  0.476 
0.666 0.502 0.677  0.477 
0.666 0.502 0.677  0.476 
0.666 0.503 0.677  0.476 
0.665 0.503 0.677  0.476 
0.666 0.502 0.677  0.477 
0.666 0.501 0.676  0.479 
0.667 0.499 0.675  0.481 
0.667 0.499 0.675  0.481 
0.667 0.499 0.675  0.481 
0.667 0.499 0.675  0.481 
0.667 0.499 0.675  0.481 
0.668 0.498 0.675  0.482 
0.667 0.499 0.675  0.480 
0.667 0.499 0.675  0.481 
0.667 0.499 0.675  0.481 
0.667 0.499 0.675  0.481 
0.667 0.499 0.675  0.481 
0.667 0.499 0.675  0.481 
0.667 0.499 0.675  0.481 
0.667 0.499 0.675  0.481 
0.667 0.498 0.675  0.482 
0.667 0.499 0.675  0.481 
0.667 0.498 0.675  0.481 
0.667 0.499 0.675  0.481 
0.667 0.498 0.675  0.482 
0.667 0.499 0.675  0.481 
0.667 0.499 0.675  0.481 
0.667 0.499 0.675  0.481 
0.667 0.499 0.675  0.481 
0.667 0.499 0.675  0.481 
0.667 0.499 0.675  0.481 
0.667 0.498 0.675  0.481 
0.667 0.499 0.675  0.481 
0.667 0.499 0.675  0.481 
0.667 0.498 0.675  0.481 
0.667 0.499 0.675  0.481 
0.667 0.498 0.675  0.481 
0.667 0.499 0.675  0.481 
0.667 0.498 0.675  0.481 
0.667 0.499 0.675  0.481 
0.667 0.499 0.675  0.481 
0.667 0.499 0.675  0.481 
0.667 0.498 0.675  0.482 
0.667 0.498 0.675  0.481 
0.667 0.499 0.675  0.481 
0.667 0.499 0.675  0.481 
0.667 0.498 0.675  0.481 
0.669 0.495 0.674  0.485 
0.672 0.488 0.670  0.492 
0.672 0.488 0.670  0.492 
0.672 0.488 0.670  0.492 
0.672 0.488 0.670  0.492 
0.672 0.488 0.670  0.492 
0.673 0.487 0.670  0.493 
0.672 0.488 0.670  0.492 
0.672 0.488 0.670  0.492 
0.672 0.488 0.670  0.492 
0.672 0.488 0.670  0.492 
0.672 0.488 0.670  0.492 
0.672 0.488 0.670  0.492 
0.672 0.488 0.670  0.492 
0.672 0.488 0.670  0.492 
0.672 0.487 0.670  0.493 
0.672 0.488 0.670  0.492 
0.672 0.487 0.670  0.493 
0.672 0.488 0.670  0.492 
0.672 0.487 0.670  0.493 
0.672 0.488 0.670  0.492 
0.672 0.488 0.670  0.492 
0.672 0.488 0.670  0.492 
0.672 0.488 0.670  0.492 
0.672 0.488 0.670  0.492 
0.672 0.488 0.670  0.492 
0.672 0.487 0.670  0.493 
0.672 0.488 0.670  0.492 
0.672 0.488 0.670  0.492 
0.672 0.487 0.670  0.493 
0.672 0.488 0.670  0.492 
0.672 0.487 0.670  0.493 
0.672 0.488 0.670  0.492 
0.672 0.487 0.670  0.493 
0.672 0.488 0.670  0.492 
0.672 0.488 0.670  0.492 
0.672 0.488 0.670  0.492 
0.672 0.487 0.670  0.493 
0.672 0.487 0.670  0.493 
0.672 0.488 0.670  0.492 
0.672 0.488 0.670  0.492 
0.672 0.487 0.670  0.493 
0.672 0.489 0.671  0.491 
0.671 0.491 0.671  0.489 
0.671 0.491 0.671  0.490 
0.671 0.491 0.671  0.489 
0.671 0.491 0.671  0.489 
0.671 0.491 0.671  0.489 
0.671 0.490 0.671  0.490 
0.670 0.492 0.672  0.489 
0.671 0.491 0.671  0.490 
0.671 0.491 0.671  0.489 
0.671 0.491 0.671  0.489 
0.671 0.491 0.671  0.490 
0.671 0.491 0.671  0.490 
0.671 0.491 0.671  0.489 
0.671 0.491 0.672  0.489 
0.671 0.490 0.671  0.490 
0.671 0.491 0.671  0.489 
0.671 0.491 0.671  0.490 
0.671 0.491 0.672  0.489 
0.671 0.490 0.671  0.490 
0.671 0.491 0.671  0.489 
0.671 0.491 0.671  0.490 
0.671 0.491 0.671  0.489 
0.671 0.491 0.671  0.489 
0.671 0.491 0.671  0.489 
0.671 0.491 0.671  0.489 
0.671 0.491 0.671  0.490 
0.671 0.491 0.671  0.489 
0.671 0.491 0.671  0.489 
0.671 0.491 0.671  0.490 
0.671 0.491 0.671  0.489 
0.671 0.491 0.671  0.490 
0.671 0.491 0.672  0.489 
0.671 0.491 0.671  0.490 
0.671 0.491 0.671  0.489 
0.671 0.491 0.671  0.490 
0.671 0.491 0.672  0.489 
0.671 0.490 0.671  0.490 
0.671 0.491 0.671  0.490 
0.671 0.491 0.671  0.489 
0.671 0.491 0.672  0.489 
0.671 0.490 0.671  0.490 
0.670 0.492 0.672  0.489 
0.669 0.494 0.673  0.486 
0.669 0.494 0.673  0.486 
0.669 0.494 0.673  0.486 
0.669 0.494 0.673  0.486 
0.669 0.494 0.673  0.486 
0.669 0.494 0.673  0.487 
0.669 0.495 0.673  0.485 
0.669 0.494 0.673  0.486 
0.669 0.494 0.673  0.486 
0.669 0.494 0.673  0.486 
0.669 0.494 0.673  0.486 
0.669 0.494 0.673  0.486 
0.669 0.494 0.673  0.486 
0.669 0.495 0.673  0.486 
0.669 0.494 0.673  0.486 
0.669 0.495 0.673  0.486 
0.669 0.494 0.673  0.486 
0.669 0.495 0.673  0.485 
0.669 0.494 0.673  0.486 
0.669 0.494 0.673  0.486 
0.669 0.494 0.673  0.486 
0.669 0.494 0.673  0.486 
0.669 0.494 0.673  0.486 
0.669 0.494 0.673  0.486 
0.669 0.494 0.673  0.486 
0.669 0.494 0.673  0.486 
0.669 0.495 0.673  0.486 
0.669 0.495 0.673  0.486 
0.669 0.494 0.673  0.486 
0.669 0.495 0.673  0.486 
0.669 0.494 0.673  0.486 
0.669 0.495 0.673  0.486 
0.669 0.494 0.673  0.486 
0.669 0.494 0.673  0.486 
0.669 0.494 0.673  0.486 
0.669 0.495 0.673  0.486 
0.669 0.494 0.673  0.486 
0.669 0.494 0.673  0.486 
0.669 0.495 0.673  0.486 
0.669 0.495 0.673  0.486 
0.669 0.494 0.673  0.486 
0.669 0.494 0.673  0.486 
0.669 0.494 0.673  0.486 
0.669 0.494 0.673  0.486 
0.669 0.494 0.673  0.486 
0.669 0.494 0.673  0.486 
0.669 0.494 0.673  0.487 
0.669 0.495 0.673  0.485 
0.669 0.494 0.673  0.486 
0.669 0.494 0.673  0.486 
0.669 0.494 0.673  0.486 
0.669 0.494 0.673  0.486 
0.669 0.494 0.673  0.486 
0.669 0.494 0.673  0.486 
0.669 0.495 0.673  0.486 
0.669 0.494 0.673  0.486 
0.669 0.495 0.673  0.486 
0.669 0.494 0.673  0.486 
0.669 0.495 0.673  0.485 
0.669 0.494 0.673  0.486 
0.669 0.494 0.673  0.486 
0.669 0.494 0.673  0.486 
0.669 0.494 0.673  0.486 
0.669 0.494 0.673  0.486 
0.669 0.494 0.673  0.486 
0.669 0.494 0.673  0.486 
0.669 0.494 0.673  0.486 
0.669 0.495 0.673  0.486 
0.669 0.495 0.673  0.486 
0.669 0.494 0.673  0.486 
0.669 0.495 0.673  0.486 
0.669 0.494 0.673  0.486 
0.669 0.495 0.673  0.486 
0.669 0.494 0.673  0.486 
0.669 0.494 0.673  0.486 
0.669 0.494 0.673  0.486 
0.669 0.495 0.673  0.486 
0.669 0.494 0.673  0.486 
0.669 0.494 0.673  0.486 
0.669 0.495 0.673  0.486 
0.669 0.495 0.673  0.486 
0.669 0.494 0.673  0.486 
0.669 0.494 0.673  0.486 
0.669 0.494 0.673  0.486 
0.669 0.494 0.673  0.486 
0.669 0.494 0.673  0.486 
0.669 0.494 0.673  0.486 
0.669 0.495 0.673  0.486 
0.669 0.494 0.673  0.486 
0.669 0.494 0.673  0.486 
0.669 0.494 0.673  0.486 
0.669 0.494 0.673  0.486 
0.669 0.494 0.673  0.486 
0.669 0.494 0.673  0.486 
0.669 0.494 0.673  0.486 
0.669 0.494 0.673  0.486 
0.669 0.494 0.673  0.486 
0.669 0.494 0.673  0.486 
0.669 0.494 0.673  0.486 
0.669 0.494 0.673  0.486 
0.669 0.494 0.673  0.486 
0.669 0.494 0.673  0.486 
0.669 0.494 0.673  0.486 
0.669 0.494 0.673  0.486 
0.669 0.494 0.673  0.486 
0.669 0.494 0.673  0.486 
0.669 0.494 0.673  0.486 
0.669 0.494 0.673  0.486 
0.669 0.494 0.673  0.486 
0.669 0.494 0.673  0.486 
0.669 0.494 0.673  0.486 
0.669 0.494 0.673  0.486 
0.669 0.494 0.673  0.486 
0.669 0.494 0.673  0.486 
0.669 0.494 0.673  0.486 
0.669 0.494 0.673  0.486 
0.669 0.494 0.673  0.486 
0.669 0.494 0.673  0.486 
0.669 0.494 0.673  0.486 
0.669 0.494 0.673  0.486 
0.669 0.494 0.673  0.486 
0.669 0.494 0.673  0.486 
0.669 0.494 0.673  0.486 
0.670 0.494 0.673  0.487 
0.669 0.494 0.673  0.486 
0.669 0.494 0.673  0.486 
0.669 0.494 0.673  0.486 
0.669 0.495 0.673  0.486 
0.669 0.495 0.673  0.486 
0.669 0.495 0.673  0.486 
0.669 0.494 0.673  0.486 
0.669 0.494 0.673  0.486 
0.669 0.494 0.673  0.486 
0.669 0.494 0.673  0.486 
0.669 0.495 0.673  0.486 
0.669 0.494 0.673  0.486 
0.669 0.495 0.673  0.486 
0.669 0.494 0.673  0.486 
0.669 0.495 0.673  0.486 
0.669 0.494 0.673  0.486 
0.669 0.495 0.673  0.486 
0.669 0.494 0.673  0.487 
0.669 0.494 0.673  0.486 
0.669 0.494 0.673  0.486 
0.669 0.494 0.673  0.486 
0.669 0.495 0.673  0.486 
0.669 0.495 0.673  0.486 
0.669 0.495 0.673  0.485 
0.669 0.494 0.673  0.486 
0.669 0.494 0.673  0.486 
0.669 0.494 0.673  0.486 
0.669 0.494 0.673  0.486 
0.669 0.495 0.673  0.486 
0.669 0.495 0.673  0.486 
0.669 0.495 0.673  0.486 
0.669 0.494 0.673  0.486 
0.669 0.495 0.673  0.486 
0.669 0.494 0.673  0.486 
0.669 0.495 0.673  0.486 
0.670 0.494 0.673  0.487 
0.669 0.494 0.673  0.487 
0.670 0.494 0.673  0.487 
0.669 0.494 0.673  0.486 
0.669 0.494 0.673  0.486 
0.669 0.494 0.673  0.486 
0.669 0.494 0.673  0.487 
0.670 0.494 0.673  0.487 
0.669 0.494 0.673  0.487 
0.670 0.493 0.673  0.487 
0.669 0.494 0.673  0.486 
0.669 0.494 0.673  0.487 
0.669 0.494 0.673  0.486 
0.669 0.494 0.673  0.487 
0.669 0.494 0.673  0.486 
0.670 0.493 0.673  0.487 
0.669 0.494 0.673  0.486 
0.669 0.494 0.673  0.486 
0.669 0.494 0.673  0.486 
0.669 0.495 0.673  0.486 
0.669 0.495 0.673  0.486 
0.669 0.495 0.673  0.486 
0.669 0.494 0.673  0.486 
0.669 0.494 0.673  0.486 
0.669 0.494 0.673  0.486 
0.669 0.494 0.673  0.486 
0.669 0.495 0.673  0.486 
0.669 0.494 0.673  0.486 
0.669 0.495 0.673  0.486 
0.669 0.494 0.673  0.486 
0.669 0.495 0.673  0.486 
0.669 0.494 0.673  0.486 
0.669 0.495 0.673  0.486 
0.669 0.494 0.673  0.486 
0.669 0.495 0.673  0.485 
0.669 0.495 0.673  0.486 
0.669 0.495 0.673  0.485 
0.669 0.494 0.673  0.486 
0.669 0.494 0.673  0.486 
0.669 0.494 0.673  0.486 
0.669 0.494 0.673  0.486 
0.669 0.495 0.673  0.486 
0.669 0.495 0.673  0.486 
0.669 0.495 0.673  0.486 
0.669 0.495 0.673  0.486 
0.669 0.495 0.673  0.485 
0.669 0.494 0.673  0.486 
0.669 0.495 0.673  0.486 
0.669 0.495 0.673  0.486 
0.669 0.495 0.673  0.486 
0.669 0.495 0.673  0.486 
0.669 0.494 0.673  0.486 
0.669 0.494 0.673  0.486 
0.669 0.494 0.673  0.486 
0.669 0.494 0.673  0.486 
0.669 0.495 0.673  0.486 
0.669 0.494 0.673  0.486 
0.669 0.495 0.673  0.486 
0.669 0.494 0.673  0.486 
0.669 0.495 0.673  0.486 
0.669 0.494 0.673  0.486 
0.669 0.495 0.673  0.486 
0.669 0.495 0.673  0.485 
0.669 0.495 0.673  0.485 
0.669 0.495 0.673  0.486 
0.669 0.495 0.673  0.486 
0.669 0.495 0.673  0.486 
0.669 0.495 0.673  0.486 
0.669 0.495 0.673  0.485 
0.669 0.495 0.673  0.485 
0.669 0.495 0.673  0.485 
0.669 0.495 0.673  0.486 
0.669 0.495 0.673  0.485 
0.669 0.495 0.673  0.486 
0.669 0.495 0.673  0.485 
0.669 0.495 0.673  0.485 
0.669 0.495 0.673  0.486 
0.669 0.495 0.673  0.486 
0.669 0.495 0.673  0.486 
0.669 0.494 0.673  0.486 
0.669 0.495 0.673  0.486 
0.669 0.495 0.673  0.486 
0.669 0.495 0.673  0.485 
0.669 0.495 0.673  0.486 
0.669 0.495 0.673  0.485 
0.669 0.494 0.673  0.486 
0.669 0.495 0.673  0.485 
0.669 0.495 0.673  0.485 
0.669 0.495 0.673  0.486 
0.669 0.495 0.673  0.486 
0.669 0.495 0.673  0.486 
0.669 0.495 0.673  0.485 
0.669 0.495 0.673  0.485 
0.669 0.495 0.673  0.485 
0.669 0.495 0.673  0.485 
0.669 0.495 0.673  0.485 
0.669 0.495 0.673  0.486 
0.669 0.495 0.673  0.485 
0.669 0.494 0.673  0.486 
0.669 0.494 0.673  0.486 
0.669 0.494 0.673  0.486 
0.669 0.495 0.673  0.486 
0.669 0.495 0.673  0.486 
0.669 0.495 0.673  0.486 
0.669 0.494 0.673  0.486 
0.669 0.495 0.673  0.485 
0.669 0.494 0.673  0.486 
0.669 0.495 0.673  0.486 
0.669 0.494 0.673  0.486 
0.669 0.494 0.673  0.486 
0.669 0.495 0.673  0.486 
0.669 0.495 0.673  0.486 
0.669 0.495 0.673  0.486 
0.669 0.494 0.673  0.486 
0.669 0.495 0.673  0.486 
0.669 0.494 0.673  0.486 
0.669 0.495 0.673  0.486 
0.669 0.494 0.673  0.486 
0.669 0.495 0.673  0.486 
0.669 0.495 0.673  0.486 
0.669 0.495 0.673  0.486 
0.669 0.494 0.673  0.486 
0.669 0.495 0.673  0.486 
0.669 0.494 0.673  0.486 
0.669 0.495 0.673  0.486 
0.669 0.494 0.673  0.486 
0.669 0.494 0.673  0.486 
0.669 0.494 0.673  0.486 
0.669 0.494 0.673  0.486 
0.669 0.495 0.673  0.486 
0.669 0.494 0.673  0.486 
0.669 0.494 0.673  0.486 
0.669 0.495 0.673  0.486 
0.669 0.495 0.673  0.485 
0.669 0.495 0.673  0.486 
0.669 0.495 0.673  0.485 
0.669 0.494 0.673  0.486 
0.669 0.495 0.673  0.485 
0.669 0.495 0.673  0.486 
0.669 0.495 0.673  0.486 
0.669 0.495 0.673  0.485 
0.669 0.494 0.673  0.486 
0.669 0.495 0.673  0.485 
0.669 0.495 0.673  0.486 
0.669 0.495 0.673  0.485 
0.669 0.494 0.673  0.486 
0.669 0.495 0.673  0.485 
0.669 0.495 0.673  0.485 
0.669 0.494 0.673  0.486 
0.669 0.495 0.673  0.486 
0.669 0.495 0.673  0.486 
0.669 0.495 0.673  0.485 
0.669 0.495 0.673  0.486 
VariableMetricBuilder: Tolerance is not sufficient - edm is 2.25674e-05 requested 1e-05 continue the minimization
0.671 0.491 0.671  0.490 
0.671 0.490 0.671  0.490 
0.671 0.491 0.671  0.490 
0.671 0.491 0.671  0.490 
0.671 0.491 0.671  0.490 
0.671 0.490 0.671  0.491 
0.671 0.491 0.672  0.489 
0.671 0.490 0.671  0.490 
0.671 0.491 0.671  0.490 
0.671 0.491 0.671  0.490 
0.671 0.490 0.671  0.490 
0.671 0.490 0.671  0.490 
0.671 0.491 0.671  0.490 
0.671 0.491 0.671  0.489 
0.671 0.490 0.671  0.490 
0.671 0.491 0.671  0.490 
0.671 0.490 0.671  0.490 
0.671 0.491 0.671  0.489 
0.671 0.490 0.671  0.490 
0.671 0.491 0.671  0.490 
0.671 0.490 0.671  0.490 
0.671 0.490 0.671  0.490 
0.671 0.491 0.671  0.490 
0.671 0.491 0.671  0.490 
0.671 0.491 0.671  0.490 
0.671 0.490 0.671  0.490 
0.671 0.491 0.671  0.490 
0.671 0.491 0.671  0.490 
0.671 0.490 0.671  0.490 
0.671 0.491 0.671  0.490 
0.671 0.490 0.671  0.490 
0.671 0.491 0.671  0.490 
0.671 0.490 0.671  0.490 
0.671 0.491 0.671  0.490 
0.671 0.490 0.671  0.490 
0.671 0.491 0.671  0.489 
0.671 0.490 0.671  0.490 
0.671 0.490 0.671  0.490 
0.671 0.491 0.671  0.490 
0.671 0.491 0.671  0.490 
0.671 0.490 0.671  0.490 
minimum: 

Minuit did successfully converge.

# of function calls: 1071
minimum function value: 0.450301
minimum edm: 2.99592e-08
minimum internal state vector: LAVector parameters:

      15.2102
      -32.816
      66.8658
     -12.7558
      6.71515
    -0.566044
      1.81415
     -3.00856
      35.3369
      1.59398
     -10.8915
      37.2918
     -4.04714
     -2.04727
     -10.6536
      4.39834
      3.70835
       9.9778
     -31.6654
     0.484526


minimum internal covariance matrix: LASymMatrix parameters:

  1.55958e+06      -876137  1.15644e+06      -227431       130597     -11387.9      60958.5     -77756.8       626843      29890.2      -232684       788013     -74090.7     -37984.4      -226486      77038.3      76468.8       181681      -634394        15643
      -876137  8.51192e+06 -2.24803e+06       429779      -211815      18102.4        96954      -123772 -1.28707e+06     -53195.5       392536  -1.1469e+06       140227      69642.6       342168      -117821     -98795.2      -307860  1.07352e+06     -33519.2
  1.15644e+06 -2.24803e+06  4.98775e+06      -927992       512328     -42619.4      94576.3      -196607  2.58831e+06       117341      -837346  2.82245e+06      -309662      -122937      -777674       308812       256951       732281 -2.33848e+06      62115.3
      -227431       429779      -927992       232617      -110198      8138.22        -8285      43465.9      -481807     -25194.8       157082      -562525        56030      24034.6       151044     -59360.1     -51398.4      -140758       445742     -8784.41
       130597      -211815       512328      -110198      63257.3     -4770.74     -4224.01     -23707.7       269687      12344.5       -91233       319743     -30372.5     -13169.1     -84835.6      31885.7      29174.6      80174.4      -237655       5330.2
     -11387.9      18102.4     -42619.4      8138.22     -4770.74      407.341     -553.216      1887.34     -22790.3     -1030.73      7238.93     -25282.2      2466.31      1088.23      6862.43     -2625.85     -2568.37     -6312.71      20269.6     -467.554
      60958.5        96954      94576.3        -8285     -4224.01     -553.216       464299       -29344     -93620.6      1404.12     -15612.1      34856.5     -2510.46     -14492.4       -28121      1684.82      7474.78       -22273       -59936      5775.98
     -77756.8      -123772      -196607      43465.9     -23707.7      1887.34       -29344      61303.8     -82994.8     -4525.74      37590.2      -105298      14712.4      130.331      22159.3     -16536.4     -20595.4     -28647.4       109458     -1600.84
       626843 -1.28707e+06  2.58831e+06      -481807       269687     -22790.3     -93620.6     -82994.8  1.59937e+06      61381.5      -438789  1.51724e+06      -148274     -72606.8      -401994       161075       145246       383206 -1.22795e+06      24963.1
      29890.2     -53195.5       117341     -25194.8      12344.5     -1030.73      1404.12     -4525.74      61381.5         7084       -21548      69435.1     -7640.91     -3183.42       -18776      7297.86      6552.15      17156.8       -52551      501.841
      -232684       392536      -837346       157082       -91233      7238.93     -15612.1      37590.2      -438789       -21548       161778      -489179        51349      17079.7       132964     -51457.1     -46086.8      -126182       391514     -10223.2
       788013  -1.1469e+06  2.82245e+06      -562525       319743     -25282.2      34856.5      -105298  1.51724e+06      69435.1      -489179  3.49243e+06      -173787     -89284.4      -465479       174371       153369       436258 -1.29278e+06      30634.6
     -74090.7       140227      -309662        56030     -30372.5      2466.31     -2510.46      14712.4      -148274     -7640.91        51349      -173787        44167      7326.56      49814.3     -19999.9     -23891.8       -43243       132143     -3810.16
     -37984.4      69642.6      -122937      24034.6     -13169.1      1088.23     -14492.4      130.331     -72606.8     -3183.42      17079.7     -89284.4      7326.56      13916.9      19532.7     -11155.2     -9529.27     -19138.8      58541.8     -1380.95
      -226486       342168      -777674       151044     -84835.6      6862.43       -28121      22159.3      -401994       -18776       132964      -465479      49814.3      19532.7       193437     -50788.4     -44809.3      -119810       364679     -8544.59
      77038.3      -117821       308812     -59360.1      31885.7     -2625.85      1684.82     -16536.4       161075      7297.86     -51457.1       174371     -19999.9     -11155.2     -50788.4      29663.9      11264.5      45595.5      -140510      2387.51
      76468.8     -98795.2       256951     -51398.4      29174.6     -2568.37      7474.78     -20595.4       145246      6552.15     -46086.8       153369     -23891.8     -9529.27     -44809.3      11264.5      36250.1      39204.5      -124713       2031.5
       181681      -307860       732281      -140758      80174.4     -6312.71       -22273     -28647.4       383206      17156.8      -126182       436258       -43243     -19138.8      -119810      45595.5      39204.5       136108      -355467      4416.52
      -634394  1.07352e+06 -2.33848e+06       445742      -237655      20269.6       -59936       109458 -1.22795e+06       -52551       391514 -1.29278e+06       132143      58541.8       364679      -140510      -124713      -355467  1.52673e+06     -23950.4
        15643     -33519.2      62115.3     -8784.41       5330.2     -467.554      5775.98     -1600.84      24963.1      501.841     -10223.2      30634.6     -3810.16     -1380.95     -8544.59      2387.51       2031.5      4416.52     -23950.4      9155.53


# ext. ||   name    ||   type  ||   value   ||  error +/- 

   0   ||        p0 ||  free   ||     15.21 ||    1249
   1   ||        p1 ||  free   ||    -32.82 ||    2918
   2   ||        p2 ||  free   ||     66.87 ||    2233
   3   ||        p3 ||  free   ||    -12.76 ||   482.3
   4   ||        p4 ||  free   ||     6.715 ||   251.5
   5   ||        p5 ||  free   ||    -0.566 ||   20.18
   6   ||        p6 ||  free   ||     1.814 ||   681.4
   7   ||        p7 ||  free   ||    -3.009 ||   247.6
   8   ||        p8 ||  free   ||     35.34 ||    1265
   9   ||        p9 ||  free   ||     1.594 ||   84.17
  10   ||       p10 ||  free   ||    -10.89 ||   402.2
  11   ||       p11 ||  free   ||     37.29 ||    1869
  12   ||       p12 ||  free   ||    -4.047 ||   210.2
  13   ||       p13 ||  free   ||    -2.047 ||     118
  14   ||       p14 ||  free   ||    -10.65 ||   439.8
  15   ||       p15 ||  free   ||     4.398 ||   172.2
  16   ||       p16 ||  free   ||     3.708 ||   190.4
  17   ||       p17 ||  free   ||     9.978 ||   368.9
  18   ||       p18 ||  free   ||    -31.67 ||    1236
  19   ||       p19 ||  free   ||    0.4845 ||   95.68




MnUserCovariance: 

  1.55958e+06      -876137  1.15644e+06      -227431       130597     -11387.9      60958.5     -77756.8       626843      29890.2      -232684       788013     -74090.7     -37984.4      -226486      77038.3      76468.8       181681      -634394        15643
      -876137  8.51192e+06 -2.24803e+06       429779      -211815      18102.4        96954      -123772 -1.28707e+06     -53195.5       392536  -1.1469e+06       140227      69642.6       342168      -117821     -98795.2      -307860  1.07352e+06     -33519.2
  1.15644e+06 -2.24803e+06  4.98775e+06      -927992       512328     -42619.4      94576.3      -196607  2.58831e+06       117341      -837346  2.82245e+06      -309662      -122937      -777674       308812       256951       732281 -2.33848e+06      62115.3
      -227431       429779      -927992       232617      -110198      8138.22        -8285      43465.9      -481807     -25194.8       157082      -562525        56030      24034.6       151044     -59360.1     -51398.4      -140758       445742     -8784.41
       130597      -211815       512328      -110198      63257.3     -4770.74     -4224.01     -23707.7       269687      12344.5       -91233       319743     -30372.5     -13169.1     -84835.6      31885.7      29174.6      80174.4      -237655       5330.2
     -11387.9      18102.4     -42619.4      8138.22     -4770.74      407.341     -553.216      1887.34     -22790.3     -1030.73      7238.93     -25282.2      2466.31      1088.23      6862.43     -2625.85     -2568.37     -6312.71      20269.6     -467.554
      60958.5        96954      94576.3        -8285     -4224.01     -553.216       464299       -29344     -93620.6      1404.12     -15612.1      34856.5     -2510.46     -14492.4       -28121      1684.82      7474.78       -22273       -59936      5775.98
     -77756.8      -123772      -196607      43465.9     -23707.7      1887.34       -29344      61303.8     -82994.8     -4525.74      37590.2      -105298      14712.4      130.331      22159.3     -16536.4     -20595.4     -28647.4       109458     -1600.84
       626843 -1.28707e+06  2.58831e+06      -481807       269687     -22790.3     -93620.6     -82994.8  1.59937e+06      61381.5      -438789  1.51724e+06      -148274     -72606.8      -401994       161075       145246       383206 -1.22795e+06      24963.1
      29890.2     -53195.5       117341     -25194.8      12344.5     -1030.73      1404.12     -4525.74      61381.5         7084       -21548      69435.1     -7640.91     -3183.42       -18776      7297.86      6552.15      17156.8       -52551      501.841
      -232684       392536      -837346       157082       -91233      7238.93     -15612.1      37590.2      -438789       -21548       161778      -489179        51349      17079.7       132964     -51457.1     -46086.8      -126182       391514     -10223.2
       788013  -1.1469e+06  2.82245e+06      -562525       319743     -25282.2      34856.5      -105298  1.51724e+06      69435.1      -489179  3.49243e+06      -173787     -89284.4      -465479       174371       153369       436258 -1.29278e+06      30634.6
     -74090.7       140227      -309662        56030     -30372.5      2466.31     -2510.46      14712.4      -148274     -7640.91        51349      -173787        44167      7326.56      49814.3     -19999.9     -23891.8       -43243       132143     -3810.16
     -37984.4      69642.6      -122937      24034.6     -13169.1      1088.23     -14492.4      130.331     -72606.8     -3183.42      17079.7     -89284.4      7326.56      13916.9      19532.7     -11155.2     -9529.27     -19138.8      58541.8     -1380.95
      -226486       342168      -777674       151044     -84835.6      6862.43       -28121      22159.3      -401994       -18776       132964      -465479      49814.3      19532.7       193437     -50788.4     -44809.3      -119810       364679     -8544.59
      77038.3      -117821       308812     -59360.1      31885.7     -2625.85      1684.82     -16536.4       161075      7297.86     -51457.1       174371     -19999.9     -11155.2     -50788.4      29663.9      11264.5      45595.5      -140510      2387.51
      76468.8     -98795.2       256951     -51398.4      29174.6     -2568.37      7474.78     -20595.4       145246      6552.15     -46086.8       153369     -23891.8     -9529.27     -44809.3      11264.5      36250.1      39204.5      -124713       2031.5
       181681      -307860       732281      -140758      80174.4     -6312.71       -22273     -28647.4       383206      17156.8      -126182       436258       -43243     -19138.8      -119810      45595.5      39204.5       136108      -355467      4416.52
      -634394  1.07352e+06 -2.33848e+06       445742      -237655      20269.6       -59936       109458 -1.22795e+06       -52551       391514 -1.29278e+06       132143      58541.8       364679      -140510      -124713      -355467  1.52673e+06     -23950.4
