     GLY   ALA   SER   CYS   VAL   THR   ILE   PRO   MET   ASP   ASN   LEU   LYS   GLU   GLN   ARG   HIS   PHE   TYR   TRP   
GLY  450   450   494   482   531   537   576   526   541   532   540   551   612   540   560   635   563   583   587   612   
ALA  450   447   501   479   556   533   600   550   596   528   542   556   580   549   578   637   575   586   650   715   
SER  494   501   528   553   574   583   597   580   598   558   556   594   600   594   627   638   621   627   627   690   
CYS  482   479   553   532   602   581   614   563   612   605   600   597   583   609   620   641   596   635   657   695   
VAL  531   556   574   602   641   629   669   622   675   616   615   645   645   643   624   695   662   684   720   744   
THR  537   533   583   581   629   603   650   613   649   617   613   625   622   634   615   682   628   669   675   698   
ILE  576   600   597   614   669   650   686   643   662   647   640   687   689   669   678   734   665   715   733   780   
PRO  526   550   580   563   622   613   643   576   641   589   601   646   656   647   634   691   613   663   709   753   
MET  541   596   598   612   675   649   662   641   728   691   664   694   688   675   679   687   673   693   739   801   
ASP  532   528   558   605   616   617   647   589   691   608   629   654   627   656   650   705   636   671   691   706   
ASN  540   542   556   600   615   613   640   601   664   629   609   653   652   629   672   692   667   691   700   699   
LEU  551   556   594   597   645   625   687   646   694   654   653   661   688   663   651   721   655   698   741   788   
LYS  612   580   600   583   645   622   689   656   688   627   652   688   597   697   687   711   639   692   742   767   
GLU  540   549   594   609   643   634   669   647   675   656   629   663   697   636   672   683   665   698   709   735   
GLN  560   578   627   620   624   615   678   634   679   650   672   651   687   672   714   689   683   694   723   768   
ARG  635   637   638   641   695   682   734   691   687   705   692   721   711   683   689   797   692   782   797   785   
HIS  563   575   621   596   662   628   665   613   673   636   667   655   639   665   683   692   716   671   762   740   
PHE  583   586   627   635   684   669   715   663   693   671   691   698   692   698   694   782   671   744   726   819   
TYR  587   650   627   657   720   675   733   709   739   691   700   741   742   709   723   797   762   726   753   831   
TRP  612   715   690   695   744   698   780   753   801   706   699   788   767   735   768   785   740   819   831   801   
